0.0000	0.1479	0.8750	0.2530	0.8920	292070.0000	1682713.0000	41733.0000	13957884.0000
0.0100	0.2332	0.8368	0.3647	0.9391	279328.0000	918585.0000	54475.0000	14722012.0000
0.0200	0.2931	0.8125	0.4308	0.9551	271204.0000	654140.0000	62599.0000	14986457.0000
0.0300	0.3180	0.8005	0.4551	0.9600	267193.0000	573121.0000	66610.0000	15067476.0000
0.0400	0.3462	0.7858	0.4806	0.9645	262303.0000	495468.0000	71500.0000	15145129.0000
0.0500	0.3614	0.7774	0.4934	0.9666	259501.0000	458547.0000	74302.0000	15182050.0000
0.0600	0.3808	0.7661	0.5087	0.9691	255732.0000	415824.0000	78071.0000	15224773.0000
0.0700	0.3924	0.7596	0.5174	0.9704	253561.0000	392689.0000	80242.0000	15247908.0000
0.0800	0.4081	0.7505	0.5287	0.9720	250528.0000	363401.0000	83275.0000	15277196.0000
0.0900	0.4176	0.7446	0.5351	0.9730	248566.0000	346590.0000	85237.0000	15294007.0000
0.1000	0.4306	0.7359	0.5433	0.9742	245647.0000	324778.0000	88156.0000	15315819.0000
0.1100	0.4428	0.7278	0.5506	0.9752	242929.0000	305689.0000	90874.0000	15334908.0000
0.1200	0.4507	0.7227	0.5552	0.9758	241230.0000	294016.0000	92573.0000	15346581.0000
0.1300	0.4616	0.7150	0.5610	0.9766	238655.0000	278396.0000	95148.0000	15362201.0000
0.1400	0.4685	0.7098	0.5644	0.9771	236936.0000	268819.0000	96867.0000	15371778.0000
0.1500	0.4782	0.7021	0.5690	0.9778	234379.0000	255703.0000	99424.0000	15384894.0000
0.1600	0.4845	0.6970	0.5716	0.9782	232657.0000	247536.0000	101146.0000	15393061.0000
0.1700	0.4937	0.6896	0.5754	0.9787	230178.0000	236085.0000	103625.0000	15404512.0000
0.1800	0.4994	0.6849	0.5777	0.9791	228630.0000	229147.0000	105173.0000	15411450.0000
0.1900	0.5080	0.6779	0.5808	0.9796	226270.0000	219117.0000	107533.0000	15421480.0000
0.2000	0.5163	0.6707	0.5835	0.9800	223870.0000	209721.0000	109933.0000	15430876.0000
0.2100	0.5217	0.6658	0.5850	0.9803	222230.0000	203754.0000	111573.0000	15436843.0000
0.2200	0.5296	0.6585	0.5871	0.9806	219815.0000	195256.0000	113988.0000	15445341.0000
0.2300	0.5347	0.6536	0.5882	0.9809	218190.0000	189860.0000	115613.0000	15450737.0000
0.2400	0.5424	0.6466	0.5899	0.9812	215831.0000	182113.0000	117972.0000	15458484.0000
0.2500	0.5474	0.6417	0.5908	0.9814	214196.0000	177121.0000	119607.0000	15463476.0000
0.2600	0.5547	0.6347	0.5920	0.9817	211876.0000	170084.0000	121927.0000	15470513.0000
0.2700	0.5594	0.6298	0.5925	0.9819	210221.0000	165570.0000	123582.0000	15475027.0000
0.2800	0.5665	0.6224	0.5931	0.9822	207760.0000	158974.0000	126043.0000	15481623.0000
0.2900	0.5715	0.6178	0.5937	0.9823	206229.0000	154636.0000	127574.0000	15485961.0000
0.3000	0.5783	0.6106	0.5940	0.9826	203826.0000	148659.0000	129977.0000	15491938.0000
0.3100	0.5851	0.6032	0.5940	0.9828	201363.0000	142787.0000	132440.0000	15497810.0000
0.3200	0.5897	0.5985	0.5941	0.9829	199781.0000	138996.0000	134022.0000	15501601.0000
0.3300	0.5966	0.5914	0.5940	0.9831	197419.0000	133498.0000	136384.0000	15507099.0000
0.3400	0.6010	0.5866	0.5937	0.9832	195823.0000	129995.0000	137980.0000	15510602.0000
0.3500	0.6082	0.5796	0.5935	0.9834	193469.0000	124648.0000	140334.0000	15515949.0000
0.3600	0.6127	0.5746	0.5930	0.9835	191810.0000	121253.0000	141993.0000	15519344.0000
0.3700	0.6191	0.5671	0.5920	0.9837	189313.0000	116476.0000	144490.0000	15524121.0000
0.3800	0.6234	0.5619	0.5911	0.9838	187575.0000	113324.0000	146228.0000	15527273.0000
0.3900	0.6300	0.5543	0.5898	0.9839	185037.0000	108652.0000	148766.0000	15531945.0000
0.4000	0.6368	0.5469	0.5884	0.9840	182545.0000	104131.0000	151258.0000	15536466.0000
0.4100	0.6408	0.5420	0.5872	0.9841	180906.0000	101405.0000	152897.0000	15539192.0000
0.4200	0.6473	0.5344	0.5855	0.9842	178395.0000	97203.0000	155408.0000	15543394.0000
0.4300	0.6517	0.5294	0.5842	0.9843	176724.0000	94454.0000	157079.0000	15546143.0000
0.4400	0.6580	0.5215	0.5819	0.9843	174093.0000	90489.0000	159710.0000	15550108.0000
0.4500	0.6622	0.5162	0.5801	0.9844	172300.0000	87898.0000	161503.0000	15552699.0000
0.4600	0.6681	0.5080	0.5772	0.9844	169567.0000	84224.0000	164236.0000	15556373.0000
0.4700	0.6721	0.5026	0.5751	0.9845	167785.0000	81862.0000	166018.0000	15558735.0000
0.4800	0.6784	0.4946	0.5721	0.9845	165094.0000	78249.0000	168709.0000	15562348.0000
0.4900	0.6824	0.4888	0.5696	0.9846	163170.0000	75929.0000	170633.0000	15564668.0000
0.5000	0.6887	0.4804	0.5660	0.9846	160350.0000	72488.0000	173453.0000	15568109.0000
0.5100	0.6947	0.4719	0.5620	0.9846	157508.0000	69208.0000	176295.0000	15571389.0000
0.5200	0.6987	0.4659	0.5590	0.9846	155531.0000	67081.0000	178272.0000	15573516.0000
0.5300	0.7046	0.4571	0.5545	0.9847	152575.0000	63966.0000	181228.0000	15576631.0000
0.5400	0.7089	0.4513	0.5515	0.9847	150659.0000	61859.0000	183144.0000	15578738.0000
0.5500	0.7152	0.4425	0.5467	0.9847	147694.0000	58815.0000	186109.0000	15581782.0000
0.5600	0.7194	0.4366	0.5434	0.9847	145732.0000	56841.0000	188071.0000	15583756.0000
0.5700	0.7253	0.4275	0.5379	0.9847	142687.0000	54054.0000	191116.0000	15586543.0000
0.5800	0.7293	0.4215	0.5342	0.9846	140696.0000	52222.0000	193107.0000	15588375.0000
0.5900	0.7350	0.4119	0.5280	0.9846	137507.0000	49575.0000	196296.0000	15591022.0000
0.6000	0.7419	0.4028	0.5222	0.9846	134464.0000	46769.0000	199339.0000	15593828.0000
0.6100	0.7460	0.3965	0.5178	0.9846	132342.0000	45054.0000	201461.0000	15595543.0000
0.6200	0.7522	0.3866	0.5107	0.9845	129057.0000	42514.0000	204746.0000	15598083.0000
0.6300	0.7564	0.3801	0.5059	0.9845	126862.0000	40862.0000	206941.0000	15599735.0000
0.6400	0.7621	0.3697	0.4978	0.9844	123392.0000	38518.0000	210411.0000	15602079.0000
0.6500	0.7660	0.3627	0.4923	0.9844	121078.0000	36992.0000	212725.0000	15603605.0000
0.6600	0.7722	0.3521	0.4837	0.9843	117547.0000	34670.0000	216256.0000	15605927.0000
0.6700	0.7764	0.3449	0.4777	0.9842	115139.0000	33155.0000	218664.0000	15607442.0000
0.6800	0.7833	0.3341	0.4684	0.9842	111523.0000	30860.0000	222280.0000	15609737.0000
0.6900	0.7875	0.3267	0.4618	0.9841	109050.0000	29425.0000	224753.0000	15611172.0000
0.7000	0.7938	0.3155	0.4515	0.9840	105306.0000	27351.0000	228497.0000	15613246.0000
0.7100	0.8002	0.3035	0.4401	0.9839	101303.0000	25295.0000	232500.0000	15615302.0000
0.7200	0.8043	0.2955	0.4322	0.9838	98633.0000	23993.0000	235170.0000	15616604.0000
0.7300	0.8117	0.2832	0.4199	0.9836	94520.0000	21932.0000	239283.0000	15618665.0000
0.7400	0.8161	0.2749	0.4113	0.9836	91768.0000	20683.0000	242035.0000	15619914.0000
0.7500	0.8221	0.2621	0.3975	0.9834	87492.0000	18927.0000	246311.0000	15621670.0000
0.7600	0.8259	0.2530	0.3874	0.9833	84457.0000	17805.0000	249346.0000	15622792.0000
0.7700	0.8322	0.2394	0.3718	0.9831	79907.0000	16116.0000	253896.0000	15624481.0000
0.7800	0.8368	0.2304	0.3613	0.9830	76901.0000	14993.0000	256902.0000	15625604.0000
0.7900	0.8435	0.2162	0.3442	0.9828	72175.0000	13394.0000	261628.0000	15627203.0000
0.8000	0.8496	0.2016	0.3259	0.9826	67289.0000	11910.0000	266514.0000	15628687.0000
0.8100	0.8540	0.1913	0.3126	0.9824	63854.0000	10915.0000	269949.0000	15629682.0000
0.8200	0.8602	0.1758	0.2920	0.9822	58691.0000	9537.0000	275112.0000	15631060.0000
0.8300	0.8645	0.1653	0.2775	0.9820	55179.0000	8647.0000	278624.0000	15631950.0000
0.8400	0.8702	0.1491	0.2546	0.9818	49785.0000	7426.0000	284018.0000	15633171.0000
0.8500	0.8746	0.1383	0.2388	0.9816	46162.0000	6617.0000	287641.0000	15633980.0000
0.8600	0.8806	0.1209	0.2127	0.9813	40369.0000	5476.0000	293434.0000	15635121.0000
0.8700	0.8839	0.1094	0.1947	0.9811	36528.0000	4800.0000	297275.0000	15635797.0000
0.8800	0.8875	0.0918	0.1663	0.9808	30629.0000	3881.0000	303174.0000	15636716.0000
0.8900	0.8895	0.0801	0.1470	0.9806	26744.0000	3324.0000	307059.0000	15637273.0000
0.9000	0.8916	0.0632	0.1181	0.9803	21110.0000	2566.0000	312693.0000	15638031.0000
0.9100	0.8902	0.0470	0.0893	0.9800	15687.0000	1934.0000	318116.0000	15638663.0000
0.9200	0.8875	0.0376	0.0721	0.9798	12546.0000	1591.0000	321257.0000	15639006.0000
0.9300	0.8828	0.0255	0.0495	0.9796	8500.0000	1129.0000	325303.0000	15639468.0000
0.9400	0.8755	0.0191	0.0374	0.9794	6379.0000	907.0000	327424.0000	15639690.0000
0.9500	0.8641	0.0122	0.0241	0.9793	4075.0000	641.0000	329728.0000	15639956.0000
0.9600	0.8465	0.0088	0.0175	0.9793	2950.0000	535.0000	330853.0000	15640062.0000
0.9700	0.8142	0.0053	0.0106	0.9792	1779.0000	406.0000	332024.0000	15640191.0000
0.9800	0.7937	0.0037	0.0074	0.9792	1243.0000	323.0000	332560.0000	15640274.0000
0.9900	0.8000	0.0017	0.0034	0.9791	572.0000	143.0000	333231.0000	15640454.0000
