0.0000	0.1407	0.8166	0.2400	0.9186	102622.0000	626760.0000	23055.0000	7234763.0000
0.0100	0.2220	0.7665	0.3443	0.9541	96333.0000	337596.0000	29344.0000	7523927.0000
0.0200	0.2822	0.7349	0.4078	0.9664	92359.0000	234945.0000	33318.0000	7626578.0000
0.0300	0.3082	0.7218	0.4320	0.9701	90713.0000	203620.0000	34964.0000	7657903.0000
0.0400	0.3380	0.7054	0.4570	0.9736	88657.0000	173638.0000	37020.0000	7687885.0000
0.0500	0.3540	0.6960	0.4693	0.9752	87471.0000	159642.0000	38206.0000	7701881.0000
0.0600	0.3745	0.6838	0.4840	0.9771	85942.0000	143535.0000	39735.0000	7717988.0000
0.0700	0.3864	0.6764	0.4918	0.9780	85010.0000	135013.0000	40667.0000	7726510.0000
0.0800	0.4025	0.6661	0.5018	0.9792	83712.0000	124257.0000	41965.0000	7737266.0000
0.0900	0.4123	0.6592	0.5073	0.9799	82845.0000	118101.0000	42832.0000	7743422.0000
0.1000	0.4264	0.6495	0.5148	0.9807	81633.0000	109827.0000	44044.0000	7751696.0000
0.1100	0.4390	0.6409	0.5211	0.9815	80551.0000	102918.0000	45126.0000	7758605.0000
0.1200	0.4468	0.6356	0.5248	0.9819	79886.0000	98892.0000	45791.0000	7762631.0000
0.1300	0.4580	0.6275	0.5295	0.9825	78859.0000	93339.0000	46818.0000	7768184.0000
0.1400	0.4650	0.6221	0.5322	0.9828	78182.0000	89937.0000	47495.0000	7771586.0000
0.1500	0.4751	0.6145	0.5359	0.9833	77229.0000	85328.0000	48448.0000	7776195.0000
0.1600	0.4818	0.6096	0.5382	0.9835	76607.0000	82393.0000	49070.0000	7779130.0000
0.1700	0.4920	0.6026	0.5417	0.9840	75733.0000	78207.0000	49944.0000	7783316.0000
0.1800	0.4982	0.5980	0.5436	0.9842	75150.0000	75688.0000	50527.0000	7785835.0000
0.1900	0.5075	0.5910	0.5461	0.9845	74281.0000	72085.0000	51396.0000	7789438.0000
0.2000	0.5162	0.5843	0.5481	0.9848	73428.0000	68820.0000	52249.0000	7792703.0000
0.2100	0.5217	0.5796	0.5491	0.9850	72840.0000	66785.0000	52837.0000	7794738.0000
0.2200	0.5299	0.5725	0.5504	0.9853	71951.0000	63822.0000	53726.0000	7797701.0000
0.2300	0.5354	0.5680	0.5512	0.9854	71388.0000	61957.0000	54289.0000	7799566.0000
0.2400	0.5431	0.5611	0.5520	0.9857	70522.0000	59335.0000	55155.0000	7802188.0000
0.2500	0.5484	0.5565	0.5524	0.9858	69939.0000	57603.0000	55738.0000	7803920.0000
0.2600	0.5563	0.5499	0.5530	0.9860	69106.0000	55129.0000	56571.0000	7806394.0000
0.2700	0.5615	0.5452	0.5533	0.9861	68522.0000	53502.0000	57155.0000	7808021.0000
0.2800	0.5693	0.5387	0.5536	0.9863	67702.0000	51227.0000	57975.0000	7810296.0000
0.2900	0.5744	0.5340	0.5534	0.9864	67110.0000	49731.0000	58567.0000	7811792.0000
0.3000	0.5815	0.5272	0.5530	0.9866	66253.0000	47679.0000	59424.0000	7813844.0000
0.3100	0.5885	0.5203	0.5523	0.9867	65391.0000	45715.0000	60286.0000	7815808.0000
0.3200	0.5935	0.5157	0.5519	0.9868	64811.0000	44395.0000	60866.0000	7817128.0000
0.3300	0.6005	0.5092	0.5511	0.9869	63996.0000	42578.0000	61681.0000	7818945.0000
0.3400	0.6051	0.5048	0.5504	0.9870	63436.0000	41394.0000	62241.0000	7820129.0000
0.3500	0.6119	0.4976	0.5489	0.9871	62531.0000	39653.0000	63146.0000	7821870.0000
0.3600	0.6161	0.4926	0.5475	0.9872	61910.0000	38585.0000	63767.0000	7822938.0000
0.3700	0.6225	0.4856	0.5456	0.9873	61034.0000	37016.0000	64643.0000	7824507.0000
0.3800	0.6269	0.4808	0.5443	0.9873	60430.0000	35958.0000	65247.0000	7825565.0000
0.3900	0.6339	0.4734	0.5420	0.9874	59500.0000	34362.0000	66177.0000	7827161.0000
0.4000	0.6415	0.4666	0.5402	0.9875	58636.0000	32773.0000	67041.0000	7828750.0000
0.4100	0.6459	0.4617	0.5385	0.9875	58027.0000	31808.0000	67650.0000	7829715.0000
0.4200	0.6523	0.4545	0.5358	0.9876	57126.0000	30450.0000	68551.0000	7831073.0000
0.4300	0.6570	0.4500	0.5341	0.9876	56554.0000	29524.0000	69123.0000	7831999.0000
0.4400	0.6641	0.4430	0.5314	0.9877	55670.0000	28159.0000	70007.0000	7833364.0000
0.4500	0.6686	0.4381	0.5294	0.9877	55058.0000	27286.0000	70619.0000	7834237.0000
0.4600	0.6758	0.4306	0.5260	0.9878	54120.0000	25966.0000	71557.0000	7835557.0000
0.4700	0.6801	0.4255	0.5235	0.9878	53479.0000	25152.0000	72198.0000	7836371.0000
0.4800	0.6863	0.4179	0.5195	0.9878	52526.0000	24006.0000	73151.0000	7837517.0000
0.4900	0.6907	0.4128	0.5167	0.9879	51875.0000	23232.0000	73802.0000	7838291.0000
0.5000	0.6971	0.4048	0.5122	0.9879	50880.0000	22107.0000	74797.0000	7839416.0000
0.5100	0.7034	0.3969	0.5074	0.9879	49878.0000	21030.0000	75799.0000	7840493.0000
0.5200	0.7085	0.3920	0.5048	0.9879	49271.0000	20274.0000	76406.0000	7841249.0000
0.5300	0.7147	0.3840	0.4996	0.9879	48259.0000	19262.0000	77418.0000	7842261.0000
0.5400	0.7192	0.3784	0.4959	0.9879	47554.0000	18571.0000	78123.0000	7842952.0000
0.5500	0.7254	0.3699	0.4900	0.9879	46489.0000	17596.0000	79188.0000	7843927.0000
0.5600	0.7296	0.3646	0.4862	0.9879	45822.0000	16981.0000	79855.0000	7844542.0000
0.5700	0.7362	0.3563	0.4802	0.9879	44784.0000	16046.0000	80893.0000	7845477.0000
0.5800	0.7405	0.3507	0.4759	0.9878	44069.0000	15446.0000	81608.0000	7846077.0000
0.5900	0.7468	0.3419	0.4690	0.9878	42967.0000	14569.0000	82710.0000	7846954.0000
0.6000	0.7529	0.3331	0.4619	0.9878	41861.0000	13736.0000	83816.0000	7847787.0000
0.6100	0.7574	0.3271	0.4569	0.9878	41105.0000	13167.0000	84572.0000	7848356.0000
0.6200	0.7641	0.3184	0.4495	0.9877	40014.0000	12355.0000	85663.0000	7849168.0000
0.6300	0.7687	0.3123	0.4442	0.9877	39249.0000	11807.0000	86428.0000	7849716.0000
0.6400	0.7756	0.3024	0.4352	0.9876	38006.0000	10996.0000	87671.0000	7850527.0000
0.6500	0.7800	0.2960	0.4292	0.9876	37201.0000	10490.0000	88476.0000	7851033.0000
0.6600	0.7866	0.2862	0.4197	0.9875	35969.0000	9756.0000	89708.0000	7851767.0000
0.6700	0.7917	0.2796	0.4133	0.9875	35144.0000	9249.0000	90533.0000	7852274.0000
0.6800	0.7985	0.2700	0.4036	0.9874	33936.0000	8565.0000	91741.0000	7852958.0000
0.6900	0.8030	0.2633	0.3966	0.9874	33095.0000	8120.0000	92582.0000	7853403.0000
0.7000	0.8092	0.2528	0.3852	0.9873	31765.0000	7491.0000	93912.0000	7854032.0000
0.7100	0.8165	0.2423	0.3737	0.9872	30448.0000	6842.0000	95229.0000	7854681.0000
0.7200	0.8219	0.2350	0.3655	0.9872	29529.0000	6397.0000	96148.0000	7855126.0000
0.7300	0.8298	0.2243	0.3532	0.9871	28195.0000	5782.0000	97482.0000	7855741.0000
0.7400	0.8335	0.2167	0.3440	0.9870	27237.0000	5440.0000	98440.0000	7856083.0000
0.7500	0.8402	0.2042	0.3286	0.9869	25664.0000	4881.0000	100013.0000	7856642.0000
0.7600	0.8450	0.1960	0.3182	0.9868	24638.0000	4520.0000	101039.0000	7857003.0000
0.7700	0.8508	0.1831	0.3014	0.9866	23014.0000	4037.0000	102663.0000	7857486.0000
0.7800	0.8568	0.1745	0.2900	0.9866	21933.0000	3667.0000	103744.0000	7857856.0000
0.7900	0.8637	0.1614	0.2720	0.9864	20290.0000	3201.0000	105387.0000	7858322.0000
0.8000	0.8734	0.1489	0.2544	0.9863	18713.0000	2712.0000	106964.0000	7858811.0000
0.8100	0.8787	0.1400	0.2415	0.9862	17595.0000	2429.0000	108082.0000	7859094.0000
0.8200	0.8843	0.1265	0.2214	0.9860	15904.0000	2080.0000	109773.0000	7859443.0000
0.8300	0.8903	0.1177	0.2078	0.9859	14786.0000	1821.0000	110891.0000	7859702.0000
0.8400	0.8971	0.1041	0.1866	0.9857	13083.0000	1500.0000	112594.0000	7860023.0000
0.8500	0.9028	0.0949	0.1717	0.9856	11923.0000	1283.0000	113754.0000	7860240.0000
0.8600	0.9097	0.0821	0.1506	0.9854	10321.0000	1025.0000	115356.0000	7860498.0000
0.8700	0.9153	0.0740	0.1369	0.9853	9299.0000	861.0000	116378.0000	7860662.0000
0.8800	0.9222	0.0618	0.1159	0.9852	7768.0000	655.0000	117909.0000	7860868.0000
0.8900	0.9270	0.0540	0.1020	0.9850	6784.0000	534.0000	118893.0000	7860989.0000
0.9000	0.9340	0.0436	0.0833	0.9849	5476.0000	387.0000	120201.0000	7861136.0000
0.9100	0.9423	0.0336	0.0649	0.9848	4227.0000	259.0000	121450.0000	7861264.0000
0.9200	0.9516	0.0279	0.0541	0.9847	3502.0000	178.0000	122175.0000	7861345.0000
0.9300	0.9611	0.0206	0.0404	0.9846	2591.0000	105.0000	123086.0000	7861418.0000
0.9400	0.9713	0.0164	0.0323	0.9845	2063.0000	61.0000	123614.0000	7861462.0000
0.9500	0.9798	0.0108	0.0214	0.9844	1361.0000	28.0000	124316.0000	7861495.0000
0.9600	0.9815	0.0076	0.0151	0.9844	955.0000	18.0000	124722.0000	7861505.0000
0.9700	0.9809	0.0041	0.0081	0.9843	514.0000	10.0000	125163.0000	7861513.0000
0.9800	0.9828	0.0023	0.0045	0.9843	285.0000	5.0000	125392.0000	7861518.0000
0.9900	1.0000	0.0004	0.0007	0.9843	46.0000	0.0000	125631.0000	7861523.0000
