0.0000	0.0928	0.9643	0.1693	0.8262	198561.0000	1941224.0000	7342.0000	9065673.0000
0.0100	0.1673	0.9420	0.2841	0.9128	193958.0000	965531.0000	11945.0000	10041366.0000
0.0200	0.2254	0.9216	0.3622	0.9404	189764.0000	652236.0000	16139.0000	10354661.0000
0.0300	0.2521	0.9109	0.3949	0.9487	187560.0000	556506.0000	18343.0000	10450391.0000
0.0400	0.2833	0.8961	0.4305	0.9565	184517.0000	466735.0000	21386.0000	10540162.0000
0.0500	0.3006	0.8876	0.4491	0.9600	182764.0000	425214.0000	23139.0000	10581683.0000
0.0600	0.3227	0.8752	0.4716	0.9640	180207.0000	378169.0000	25696.0000	10628728.0000
0.0700	0.3357	0.8674	0.4841	0.9660	178610.0000	353400.0000	27293.0000	10653497.0000
0.0800	0.3535	0.8562	0.5004	0.9686	176297.0000	322390.0000	29606.0000	10684507.0000
0.0900	0.3644	0.8487	0.5098	0.9700	174744.0000	304838.0000	31159.0000	10702059.0000
0.1000	0.3794	0.8384	0.5224	0.9718	172633.0000	282374.0000	33270.0000	10724523.0000
0.1100	0.3933	0.8286	0.5334	0.9734	170610.0000	263161.0000	35293.0000	10743736.0000
0.1200	0.4021	0.8223	0.5401	0.9743	169304.0000	251729.0000	36599.0000	10755168.0000
0.1300	0.4145	0.8123	0.5489	0.9755	167258.0000	236308.0000	38645.0000	10770589.0000
0.1400	0.4224	0.8061	0.5543	0.9762	165986.0000	227007.0000	39917.0000	10779890.0000
0.1500	0.4337	0.7964	0.5616	0.9772	163987.0000	214142.0000	41916.0000	10792755.0000
0.1600	0.4410	0.7900	0.5660	0.9778	162666.0000	206190.0000	43237.0000	10800707.0000
0.1700	0.4517	0.7808	0.5723	0.9786	160770.0000	195131.0000	45133.0000	10811766.0000
0.1800	0.4587	0.7749	0.5763	0.9791	159556.0000	188299.0000	46347.0000	10818598.0000
0.1900	0.4685	0.7660	0.5814	0.9797	157713.0000	178916.0000	48190.0000	10827981.0000
0.2000	0.4784	0.7572	0.5863	0.9804	155915.0000	170017.0000	49988.0000	10836880.0000
0.2100	0.4844	0.7510	0.5889	0.9807	154627.0000	164571.0000	51276.0000	10842326.0000
0.2200	0.4935	0.7421	0.5928	0.9813	152796.0000	156790.0000	53107.0000	10850107.0000
0.2300	0.4996	0.7359	0.5952	0.9816	151530.0000	151775.0000	54373.0000	10855122.0000
0.2400	0.5084	0.7268	0.5983	0.9821	149650.0000	144728.0000	56253.0000	10862169.0000
0.2500	0.5138	0.7207	0.5999	0.9823	148388.0000	140409.0000	57515.0000	10866488.0000
0.2600	0.5223	0.7116	0.6024	0.9828	146524.0000	134025.0000	59379.0000	10872872.0000
0.2700	0.5280	0.7056	0.6040	0.9830	145280.0000	129893.0000	60623.0000	10877004.0000
0.2800	0.5365	0.6967	0.6062	0.9834	143460.0000	123956.0000	62443.0000	10882941.0000
0.2900	0.5420	0.6907	0.6074	0.9836	142212.0000	120157.0000	63691.0000	10886740.0000
0.3000	0.5502	0.6816	0.6089	0.9839	140334.0000	114719.0000	65569.0000	10892178.0000
0.3100	0.5582	0.6723	0.6100	0.9842	138433.0000	109559.0000	67470.0000	10897338.0000
0.3200	0.5634	0.6659	0.6104	0.9844	137106.0000	106258.0000	68797.0000	10900639.0000
0.3300	0.5711	0.6567	0.6109	0.9846	135218.0000	101552.0000	70685.0000	10905345.0000
0.3400	0.5762	0.6505	0.6111	0.9848	133942.0000	98511.0000	71961.0000	10908386.0000
0.3500	0.5835	0.6408	0.6108	0.9850	131938.0000	94175.0000	73965.0000	10912722.0000
0.3600	0.5883	0.6342	0.6104	0.9851	130584.0000	91377.0000	75319.0000	10915520.0000
0.3700	0.5955	0.6246	0.6097	0.9853	128601.0000	87340.0000	77302.0000	10919557.0000
0.3800	0.6001	0.6178	0.6088	0.9854	127216.0000	84771.0000	78687.0000	10922126.0000
0.3900	0.6074	0.6078	0.6076	0.9856	125138.0000	80888.0000	80765.0000	10926009.0000
0.4000	0.6145	0.5974	0.6058	0.9857	123013.0000	77184.0000	82890.0000	10929713.0000
0.4100	0.6194	0.5906	0.6047	0.9858	121616.0000	74725.0000	84287.0000	10932172.0000
0.4200	0.6267	0.5805	0.6027	0.9859	119520.0000	71188.0000	86383.0000	10935709.0000
0.4300	0.6317	0.5734	0.6011	0.9860	118066.0000	68835.0000	87837.0000	10938062.0000
0.4400	0.6387	0.5625	0.5982	0.9861	115818.0000	65509.0000	90085.0000	10941388.0000
0.4500	0.6434	0.5554	0.5962	0.9862	114359.0000	63390.0000	91544.0000	10943507.0000
0.4600	0.6508	0.5450	0.5932	0.9863	112216.0000	60222.0000	93687.0000	10946675.0000
0.4700	0.6555	0.5379	0.5909	0.9863	110749.0000	58213.0000	95154.0000	10948684.0000
0.4800	0.6626	0.5271	0.5872	0.9864	108541.0000	55260.0000	97362.0000	10951637.0000
0.4900	0.6676	0.5201	0.5847	0.9864	107087.0000	53317.0000	98816.0000	10953580.0000
0.5000	0.6747	0.5091	0.5803	0.9865	104821.0000	50546.0000	101082.0000	10956351.0000
0.5100	0.6820	0.4977	0.5755	0.9865	102477.0000	47775.0000	103426.0000	10959122.0000
0.5200	0.6868	0.4898	0.5718	0.9865	100857.0000	45993.0000	105046.0000	10960904.0000
0.5300	0.6937	0.4775	0.5656	0.9865	98315.0000	43410.0000	107588.0000	10963487.0000
0.5400	0.6981	0.4696	0.5615	0.9865	96688.0000	41822.0000	109215.0000	10965075.0000
0.5500	0.7048	0.4574	0.5548	0.9865	94183.0000	39440.0000	111720.0000	10967457.0000
0.5600	0.7092	0.4493	0.5501	0.9865	92506.0000	37925.0000	113397.0000	10968972.0000
0.5700	0.7161	0.4366	0.5425	0.9865	89900.0000	35634.0000	116003.0000	10971263.0000
0.5800	0.7213	0.4284	0.5375	0.9865	88206.0000	34082.0000	117697.0000	10972815.0000
0.5900	0.7285	0.4156	0.5292	0.9864	85564.0000	31884.0000	120339.0000	10975013.0000
0.6000	0.7355	0.4021	0.5199	0.9864	82790.0000	29779.0000	123113.0000	10977118.0000
0.6100	0.7405	0.3933	0.5137	0.9863	80977.0000	28377.0000	124926.0000	10978520.0000
0.6200	0.7475	0.3801	0.5040	0.9863	78267.0000	26441.0000	127636.0000	10980456.0000
0.6300	0.7519	0.3708	0.4967	0.9862	76356.0000	25196.0000	129547.0000	10981701.0000
0.6400	0.7591	0.3567	0.4854	0.9861	73450.0000	23305.0000	132453.0000	10983592.0000
0.6500	0.7640	0.3471	0.4773	0.9860	71459.0000	22077.0000	134444.0000	10984820.0000
0.6600	0.7708	0.3324	0.4645	0.9859	68446.0000	20351.0000	137457.0000	10986546.0000
0.6700	0.7758	0.3225	0.4556	0.9858	66400.0000	19192.0000	139503.0000	10987705.0000
0.6800	0.7828	0.3075	0.4416	0.9857	63325.0000	17568.0000	142578.0000	10989329.0000
0.6900	0.7878	0.2975	0.4319	0.9856	61263.0000	16502.0000	144640.0000	10990395.0000
0.7000	0.7955	0.2819	0.4163	0.9855	58052.0000	14924.0000	147851.0000	10991973.0000
0.7100	0.8030	0.2663	0.4000	0.9853	54835.0000	13454.0000	151068.0000	10993443.0000
0.7200	0.8077	0.2560	0.3888	0.9852	52718.0000	12550.0000	153185.0000	10994347.0000
0.7300	0.8155	0.2404	0.3713	0.9851	49500.0000	11198.0000	156403.0000	10995699.0000
0.7400	0.8204	0.2299	0.3592	0.9849	47337.0000	10362.0000	158566.0000	10996535.0000
0.7500	0.8276	0.2139	0.3399	0.9847	44033.0000	9171.0000	161870.0000	10997726.0000
0.7600	0.8316	0.2027	0.3259	0.9846	41729.0000	8448.0000	164174.0000	10998449.0000
0.7700	0.8403	0.1857	0.3042	0.9844	38233.0000	7268.0000	167670.0000	10999629.0000
0.7800	0.8458	0.1744	0.2892	0.9843	35918.0000	6548.0000	169985.0000	11000349.0000
0.7900	0.8534	0.1579	0.2665	0.9840	32508.0000	5583.0000	173395.0000	11001314.0000
0.8000	0.8598	0.1407	0.2419	0.9838	28975.0000	4723.0000	176928.0000	11002174.0000
0.8100	0.8652	0.1297	0.2256	0.9836	26704.0000	4161.0000	179199.0000	11002736.0000
0.8200	0.8732	0.1131	0.2002	0.9834	23282.0000	3382.0000	182621.0000	11003515.0000
0.8300	0.8780	0.1020	0.1828	0.9833	21007.0000	2918.0000	184896.0000	11003979.0000
0.8400	0.8861	0.0855	0.1559	0.9830	17597.0000	2263.0000	188306.0000	11004634.0000
0.8500	0.8913	0.0748	0.1380	0.9828	15404.0000	1878.0000	190499.0000	11005019.0000
0.8600	0.9014	0.0592	0.1110	0.9826	12181.0000	1332.0000	193722.0000	11005565.0000
0.8700	0.9057	0.0497	0.0942	0.9825	10233.0000	1065.0000	195670.0000	11005832.0000
0.8800	0.9132	0.0358	0.0690	0.9822	7381.0000	702.0000	198522.0000	11006195.0000
0.8900	0.9198	0.0276	0.0536	0.9821	5689.0000	496.0000	200214.0000	11006401.0000
0.9000	0.9276	0.0169	0.0333	0.9819	3487.0000	272.0000	202416.0000	11006625.0000
0.9100	0.9406	0.0092	0.0183	0.9818	1899.0000	120.0000	204004.0000	11006777.0000
0.9200	0.9464	0.0053	0.0106	0.9817	1094.0000	62.0000	204809.0000	11006835.0000
0.9300	0.9367	0.0018	0.0036	0.9817	370.0000	25.0000	205533.0000	11006872.0000
0.9400	0.9662	0.0007	0.0014	0.9816	143.0000	5.0000	205760.0000	11006892.0000
0.9500	1.0000	0.0001	0.0002	0.9816	20.0000	0.0000	205883.0000	11006897.0000
0.9600	1.0000	0.0000	0.0000	0.9816	3.0000	0.0000	205900.0000	11006897.0000
0.9700	1.0000	0.0000	0.0000	0.9816	0.0000	0.0000	205903.0000	11006897.0000
0.9800	1.0000	0.0000	0.0000	0.9816	0.0000	0.0000	205903.0000	11006897.0000
0.9900	1.0000	0.0000	0.0000	0.9816	0.0000	0.0000	205903.0000	11006897.0000
