0.0000	0.4264	0.9633	0.5912	0.9423	2063741.0000	2775742.0000	78522.0000	44590347.0000
0.0100	0.5579	0.9426	0.7009	0.9652	2019288.0000	1600335.0000	122975.0000	45765754.0000
0.0200	0.6376	0.9276	0.7557	0.9741	1987084.0000	1129283.0000	155179.0000	46236806.0000
0.0300	0.6685	0.9205	0.7745	0.9768	1971927.0000	978041.0000	170336.0000	46388048.0000
0.0400	0.7009	0.9120	0.7927	0.9794	1953841.0000	833774.0000	188422.0000	46532315.0000
0.0500	0.7172	0.9072	0.8011	0.9805	1943535.0000	766382.0000	198728.0000	46599707.0000
0.0600	0.7369	0.9009	0.8107	0.9818	1930017.0000	689151.0000	212246.0000	46676938.0000
0.0700	0.7478	0.8971	0.8157	0.9825	1921921.0000	648270.0000	220342.0000	46717819.0000
0.0800	0.7619	0.8919	0.8218	0.9833	1910719.0000	597019.0000	231544.0000	46769070.0000
0.0900	0.7701	0.8886	0.8251	0.9837	1903584.0000	568355.0000	238679.0000	46797734.0000
0.1000	0.7810	0.8840	0.8293	0.9843	1893689.0000	530865.0000	248574.0000	46835224.0000
0.1100	0.7907	0.8796	0.8328	0.9847	1884293.0000	498629.0000	257970.0000	46867460.0000
0.1200	0.7966	0.8767	0.8348	0.9850	1878167.0000	479440.0000	264096.0000	46886649.0000
0.1300	0.8047	0.8727	0.8373	0.9853	1869539.0000	453647.0000	272724.0000	46912442.0000
0.1400	0.8098	0.8701	0.8389	0.9855	1863975.0000	437852.0000	278288.0000	46928237.0000
0.1500	0.8167	0.8663	0.8408	0.9858	1855776.0000	416390.0000	286487.0000	46949699.0000
0.1600	0.8211	0.8638	0.8419	0.9860	1850451.0000	403302.0000	291812.0000	46962787.0000
0.1700	0.8272	0.8602	0.8434	0.9862	1842682.0000	384961.0000	299581.0000	46981128.0000
0.1800	0.8310	0.8578	0.8442	0.9863	1837610.0000	373806.0000	304653.0000	46992283.0000
0.1900	0.8364	0.8543	0.8452	0.9865	1830052.0000	357899.0000	312211.0000	47008190.0000
0.2000	0.8415	0.8508	0.8461	0.9866	1822637.0000	343198.0000	319626.0000	47022891.0000
0.2100	0.8448	0.8485	0.8467	0.9867	1817813.0000	333891.0000	324450.0000	47032198.0000
0.2200	0.8495	0.8452	0.8473	0.9868	1810546.0000	320678.0000	331717.0000	47045411.0000
0.2300	0.8525	0.8430	0.8477	0.9869	1805935.0000	312367.0000	336328.0000	47053722.0000
0.2400	0.8568	0.8397	0.8482	0.9870	1798873.0000	300614.0000	343390.0000	47065475.0000
0.2500	0.8596	0.8375	0.8484	0.9870	1794220.0000	293147.0000	348043.0000	47072942.0000
0.2600	0.8636	0.8343	0.8487	0.9871	1787297.0000	282356.0000	354966.0000	47083733.0000
0.2700	0.8662	0.8322	0.8488	0.9872	1782781.0000	275429.0000	359482.0000	47090660.0000
0.2800	0.8698	0.8290	0.8489	0.9872	1775908.0000	265749.0000	366355.0000	47100340.0000
0.2900	0.8722	0.8268	0.8489	0.9873	1771252.0000	259524.0000	371011.0000	47106565.0000
0.3000	0.8756	0.8236	0.8488	0.9873	1764414.0000	250608.0000	377849.0000	47115481.0000
0.3100	0.8789	0.8204	0.8486	0.9873	1757570.0000	242266.0000	384693.0000	47123823.0000
0.3200	0.8809	0.8183	0.8485	0.9874	1752997.0000	236936.0000	389266.0000	47129153.0000
0.3300	0.8841	0.8151	0.8482	0.9874	1746131.0000	228966.0000	396132.0000	47137123.0000
0.3400	0.8861	0.8129	0.8479	0.9874	1741455.0000	223845.0000	400808.0000	47142244.0000
0.3500	0.8891	0.8097	0.8475	0.9874	1734638.0000	216424.0000	407625.0000	47149665.0000
0.3600	0.8910	0.8076	0.8473	0.9874	1730116.0000	211673.0000	412147.0000	47154416.0000
0.3700	0.8938	0.8044	0.8467	0.9874	1723317.0000	204868.0000	418946.0000	47161221.0000
0.3800	0.8956	0.8022	0.8463	0.9874	1718604.0000	200382.0000	423659.0000	47165707.0000
0.3900	0.8982	0.7990	0.8457	0.9874	1711594.0000	193970.0000	430669.0000	47172119.0000
0.4000	0.9008	0.7958	0.8450	0.9874	1704772.0000	187743.0000	437491.0000	47178346.0000
0.4100	0.9024	0.7936	0.8445	0.9874	1700122.0000	183794.0000	442141.0000	47182295.0000
0.4200	0.9049	0.7903	0.8437	0.9873	1693038.0000	177954.0000	449225.0000	47188135.0000
0.4300	0.9065	0.7882	0.8432	0.9873	1688426.0000	174078.0000	453837.0000	47192011.0000
0.4400	0.9089	0.7848	0.8423	0.9873	1681340.0000	168456.0000	460923.0000	47197633.0000
0.4500	0.9105	0.7827	0.8418	0.9873	1676649.0000	164809.0000	465614.0000	47201280.0000
0.4600	0.9128	0.7792	0.8407	0.9872	1669354.0000	159548.0000	472909.0000	47206541.0000
0.4700	0.9143	0.7770	0.8401	0.9872	1664553.0000	156100.0000	477710.0000	47209989.0000
0.4800	0.9165	0.7736	0.8390	0.9872	1657280.0000	151070.0000	484983.0000	47215019.0000
0.4900	0.9179	0.7713	0.8382	0.9871	1652271.0000	147796.0000	489992.0000	47218293.0000
0.5000	0.9200	0.7677	0.8370	0.9871	1644711.0000	142978.0000	497552.0000	47223111.0000
0.5100	0.9221	0.7641	0.8357	0.9870	1636977.0000	138366.0000	505286.0000	47227723.0000
0.5200	0.9234	0.7618	0.8349	0.9870	1631943.0000	135324.0000	510320.0000	47230765.0000
0.5300	0.9254	0.7582	0.8335	0.9869	1624171.0000	130901.0000	518092.0000	47235188.0000
0.5400	0.9267	0.7557	0.8325	0.9868	1618894.0000	128080.0000	523369.0000	47238009.0000
0.5500	0.9286	0.7520	0.8310	0.9868	1610959.0000	123924.0000	531304.0000	47242165.0000
0.5600	0.9298	0.7495	0.8300	0.9867	1605589.0000	121261.0000	536674.0000	47244828.0000
0.5700	0.9316	0.7457	0.8283	0.9866	1597404.0000	117273.0000	544859.0000	47248816.0000
0.5800	0.9328	0.7430	0.8272	0.9866	1591765.0000	114630.0000	550498.0000	47251459.0000
0.5900	0.9346	0.7391	0.8255	0.9865	1583367.0000	110720.0000	558896.0000	47255369.0000
0.6000	0.9364	0.7352	0.8237	0.9864	1574888.0000	106946.0000	567375.0000	47259143.0000
0.6100	0.9376	0.7324	0.8224	0.9863	1569074.0000	104465.0000	573189.0000	47261624.0000
0.6200	0.9393	0.7282	0.8204	0.9862	1560017.0000	100823.0000	582246.0000	47265266.0000
0.6300	0.9404	0.7253	0.8190	0.9861	1553838.0000	98500.0000	588425.0000	47267589.0000
0.6400	0.9420	0.7209	0.8168	0.9860	1544423.0000	95075.0000	597840.0000	47271014.0000
0.6500	0.9431	0.7180	0.8153	0.9859	1538103.0000	92843.0000	604160.0000	47273246.0000
0.6600	0.9447	0.7134	0.8129	0.9858	1528289.0000	89400.0000	613974.0000	47276689.0000
0.6700	0.9458	0.7102	0.8112	0.9857	1521510.0000	87266.0000	620753.0000	47278823.0000
0.6800	0.9474	0.7054	0.8087	0.9856	1511162.0000	83965.0000	631101.0000	47282124.0000
0.6900	0.9484	0.7020	0.8068	0.9855	1503972.0000	81828.0000	638291.0000	47284261.0000
0.7000	0.9499	0.6969	0.8040	0.9853	1493028.0000	78721.0000	649235.0000	47287368.0000
0.7100	0.9514	0.6916	0.8010	0.9851	1481680.0000	75642.0000	660583.0000	47290447.0000
0.7200	0.9524	0.6881	0.7990	0.9850	1474056.0000	73641.0000	668207.0000	47292448.0000
0.7300	0.9539	0.6826	0.7957	0.9848	1462284.0000	70733.0000	679979.0000	47295356.0000
0.7400	0.9549	0.6788	0.7935	0.9847	1454091.0000	68741.0000	688172.0000	47297348.0000
0.7500	0.9563	0.6728	0.7899	0.9845	1441309.0000	65896.0000	700954.0000	47300193.0000
0.7600	0.9572	0.6688	0.7874	0.9844	1432778.0000	64003.0000	709485.0000	47302086.0000
0.7700	0.9586	0.6626	0.7836	0.9842	1419540.0000	61282.0000	722723.0000	47304807.0000
0.7800	0.9595	0.6583	0.7808	0.9840	1410219.0000	59573.0000	732044.0000	47306516.0000
0.7900	0.9608	0.6515	0.7765	0.9838	1395620.0000	56929.0000	746643.0000	47309160.0000
0.8000	0.9622	0.6443	0.7718	0.9835	1380330.0000	54238.0000	761933.0000	47311851.0000
0.8100	0.9630	0.6394	0.7685	0.9833	1369674.0000	52572.0000	772589.0000	47313517.0000
0.8200	0.9644	0.6315	0.7632	0.9830	1352824.0000	49984.0000	789439.0000	47316105.0000
0.8300	0.9652	0.6260	0.7595	0.9828	1341106.0000	48334.0000	801157.0000	47317755.0000
0.8400	0.9664	0.6174	0.7534	0.9825	1322608.0000	45939.0000	819655.0000	47320150.0000
0.8500	0.9672	0.6112	0.7491	0.9823	1309307.0000	44341.0000	832956.0000	47321748.0000
0.8600	0.9685	0.6014	0.7420	0.9819	1288281.0000	41922.0000	853982.0000	47324167.0000
0.8700	0.9693	0.5943	0.7368	0.9816	1273053.0000	40318.0000	869210.0000	47325771.0000
0.8800	0.9706	0.5829	0.7283	0.9812	1248633.0000	37878.0000	893630.0000	47328211.0000
0.8900	0.9713	0.5746	0.7221	0.9809	1230932.0000	36334.0000	911331.0000	47329755.0000
0.9000	0.9725	0.5609	0.7115	0.9803	1201618.0000	34023.0000	940645.0000	47332066.0000
0.9100	0.9736	0.5453	0.6991	0.9797	1168135.0000	31654.0000	974128.0000	47334435.0000
0.9200	0.9744	0.5334	0.6894	0.9792	1142673.0000	30081.0000	999590.0000	47336008.0000
0.9300	0.9755	0.5127	0.6721	0.9784	1098378.0000	27628.0000	1043885.0000	47338461.0000
0.9400	0.9762	0.4964	0.6582	0.9777	1063514.0000	25963.0000	1078749.0000	47340126.0000
0.9500	0.9771	0.4663	0.6313	0.9764	998957.0000	23424.0000	1143306.0000	47342665.0000
0.9600	0.9777	0.4410	0.6079	0.9754	944813.0000	21576.0000	1197450.0000	47344513.0000
0.9700	0.9780	0.3883	0.5559	0.9732	831912.0000	18723.0000	1310351.0000	47347366.0000
0.9800	0.9778	0.3388	0.5032	0.9711	725693.0000	16505.0000	1416570.0000	47349584.0000
0.9900	0.9766	0.2258	0.3668	0.9663	483711.0000	11610.0000	1658552.0000	47354479.0000
