0.0000	0.0770	0.9670	0.1426	0.8171	121531.0000	1456934.0000	4146.0000	6404589.0000
0.0100	0.1472	0.9244	0.2540	0.9146	116173.0000	672946.0000	9504.0000	7188577.0000
0.0200	0.2068	0.8921	0.3358	0.9445	112117.0000	430014.0000	13560.0000	7431509.0000
0.0300	0.2355	0.8759	0.3712	0.9533	110075.0000	357359.0000	15602.0000	7504164.0000
0.0400	0.2697	0.8548	0.4101	0.9613	107429.0000	290872.0000	18248.0000	7570651.0000
0.0500	0.2891	0.8427	0.4305	0.9649	105908.0000	260439.0000	19769.0000	7601084.0000
0.0600	0.3134	0.8251	0.4543	0.9688	103696.0000	227146.0000	21981.0000	7634377.0000
0.0700	0.3277	0.8143	0.4673	0.9708	102340.0000	209950.0000	23337.0000	7651573.0000
0.0800	0.3477	0.8002	0.4848	0.9732	100571.0000	188690.0000	25106.0000	7672833.0000
0.0900	0.3595	0.7911	0.4944	0.9745	99420.0000	177104.0000	26257.0000	7684419.0000
0.1000	0.3764	0.7784	0.5074	0.9762	97825.0000	162096.0000	27852.0000	7699427.0000
0.1100	0.3919	0.7669	0.5187	0.9776	96376.0000	149573.0000	29301.0000	7711950.0000
0.1200	0.4017	0.7593	0.5254	0.9784	95428.0000	142149.0000	30249.0000	7719374.0000
0.1300	0.4154	0.7483	0.5343	0.9795	94042.0000	132332.0000	31635.0000	7729191.0000
0.1400	0.4243	0.7414	0.5397	0.9801	93171.0000	126427.0000	32506.0000	7735096.0000
0.1500	0.4366	0.7309	0.5466	0.9809	91858.0000	118557.0000	33819.0000	7742966.0000
0.1600	0.4443	0.7240	0.5506	0.9814	90988.0000	113819.0000	34689.0000	7747704.0000
0.1700	0.4558	0.7137	0.5563	0.9821	89700.0000	107108.0000	35977.0000	7754415.0000
0.1800	0.4630	0.7072	0.5596	0.9825	88873.0000	103067.0000	36804.0000	7758456.0000
0.1900	0.4739	0.6971	0.5642	0.9831	87607.0000	97275.0000	38070.0000	7764248.0000
0.2000	0.4843	0.6876	0.5683	0.9836	86414.0000	92011.0000	39263.0000	7769512.0000
0.2100	0.4909	0.6811	0.5706	0.9839	85602.0000	88784.0000	40075.0000	7772739.0000
0.2200	0.5008	0.6713	0.5736	0.9843	84365.0000	84098.0000	41312.0000	7777425.0000
0.2300	0.5073	0.6652	0.5756	0.9846	83600.0000	81185.0000	42077.0000	7780338.0000
0.2400	0.5169	0.6555	0.5780	0.9849	82385.0000	77012.0000	43292.0000	7784511.0000
0.2500	0.5233	0.6497	0.5797	0.9852	81648.0000	74373.0000	44029.0000	7787150.0000
0.2600	0.5330	0.6401	0.5817	0.9855	80447.0000	70486.0000	45230.0000	7791037.0000
0.2700	0.5393	0.6340	0.5828	0.9857	79681.0000	68071.0000	45996.0000	7793452.0000
0.2800	0.5487	0.6247	0.5842	0.9860	78506.0000	64580.0000	47171.0000	7796943.0000
0.2900	0.5548	0.6185	0.5849	0.9862	77726.0000	62374.0000	47951.0000	7799149.0000
0.3000	0.5634	0.6092	0.5854	0.9864	76567.0000	59335.0000	49110.0000	7802188.0000
0.3100	0.5720	0.6003	0.5858	0.9866	75438.0000	56439.0000	50239.0000	7805084.0000
0.3200	0.5782	0.5942	0.5861	0.9868	74671.0000	54477.0000	51006.0000	7807046.0000
0.3300	0.5873	0.5851	0.5862	0.9870	73536.0000	51679.0000	52141.0000	7809844.0000
0.3400	0.5926	0.5788	0.5856	0.9871	72736.0000	50005.0000	52941.0000	7811518.0000
0.3500	0.6010	0.5693	0.5847	0.9873	71545.0000	47506.0000	54132.0000	7814017.0000
0.3600	0.6063	0.5633	0.5840	0.9874	70796.0000	45974.0000	54881.0000	7815549.0000
0.3700	0.6142	0.5538	0.5824	0.9875	69597.0000	43714.0000	56080.0000	7817809.0000
0.3800	0.6194	0.5471	0.5810	0.9876	68760.0000	42255.0000	56917.0000	7819268.0000
0.3900	0.6275	0.5377	0.5791	0.9877	67571.0000	40111.0000	58106.0000	7821412.0000
0.4000	0.6353	0.5283	0.5769	0.9878	66400.0000	38110.0000	59277.0000	7823413.0000
0.4100	0.6409	0.5216	0.5751	0.9879	65558.0000	36735.0000	60119.0000	7824788.0000
0.4200	0.6492	0.5122	0.5726	0.9880	64367.0000	34782.0000	61310.0000	7826741.0000
0.4300	0.6541	0.5059	0.5706	0.9880	63585.0000	33625.0000	62092.0000	7827898.0000
0.4400	0.6613	0.4961	0.5669	0.9881	62344.0000	31927.0000	63333.0000	7829596.0000
0.4500	0.6664	0.4892	0.5642	0.9881	61486.0000	30785.0000	64191.0000	7830738.0000
0.4600	0.6738	0.4793	0.5601	0.9882	60232.0000	29153.0000	65445.0000	7832370.0000
0.4700	0.6787	0.4724	0.5570	0.9882	59366.0000	28108.0000	66311.0000	7833415.0000
0.4800	0.6860	0.4621	0.5522	0.9882	58079.0000	26580.0000	67598.0000	7834943.0000
0.4900	0.6910	0.4552	0.5489	0.9882	57210.0000	25578.0000	68467.0000	7835945.0000
0.5000	0.6985	0.4448	0.5435	0.9882	55905.0000	24128.0000	69772.0000	7837395.0000
0.5100	0.7055	0.4343	0.5376	0.9882	54576.0000	22781.0000	71101.0000	7838742.0000
0.5200	0.7099	0.4269	0.5332	0.9882	53649.0000	21926.0000	72028.0000	7839597.0000
0.5300	0.7173	0.4160	0.5266	0.9882	52278.0000	20606.0000	73399.0000	7840917.0000
0.5400	0.7219	0.4088	0.5220	0.9882	51382.0000	19793.0000	74295.0000	7841730.0000
0.5500	0.7299	0.3980	0.5151	0.9882	50024.0000	18511.0000	75653.0000	7843012.0000
0.5600	0.7352	0.3911	0.5106	0.9882	49152.0000	17707.0000	76525.0000	7843816.0000
0.5700	0.7426	0.3805	0.5031	0.9882	47814.0000	16574.0000	77863.0000	7844949.0000
0.5800	0.7477	0.3734	0.4980	0.9882	46925.0000	15835.0000	78752.0000	7845688.0000
0.5900	0.7551	0.3629	0.4902	0.9881	45604.0000	14790.0000	80073.0000	7846733.0000
0.6000	0.7623	0.3519	0.4815	0.9881	44225.0000	13790.0000	81452.0000	7847733.0000
0.6100	0.7676	0.3444	0.4755	0.9880	43280.0000	13102.0000	82397.0000	7848421.0000
0.6200	0.7744	0.3330	0.4657	0.9880	41845.0000	12188.0000	83832.0000	7849335.0000
0.6300	0.7785	0.3252	0.4587	0.9879	40868.0000	11627.0000	84809.0000	7849896.0000
0.6400	0.7860	0.3135	0.4482	0.9879	39396.0000	10725.0000	86281.0000	7850798.0000
0.6500	0.7914	0.3057	0.4410	0.9878	38420.0000	10125.0000	87257.0000	7851398.0000
0.6600	0.7990	0.2939	0.4297	0.9877	36934.0000	9290.0000	88743.0000	7852233.0000
0.6700	0.8042	0.2861	0.4221	0.9877	35961.0000	8756.0000	89716.0000	7852767.0000
0.6800	0.8115	0.2743	0.4100	0.9876	34468.0000	8005.0000	91209.0000	7853518.0000
0.6900	0.8166	0.2662	0.4015	0.9875	33450.0000	7514.0000	92227.0000	7854009.0000
0.7000	0.8239	0.2541	0.3885	0.9874	31940.0000	6827.0000	93737.0000	7854696.0000
0.7100	0.8310	0.2421	0.3750	0.9873	30430.0000	6189.0000	95247.0000	7855334.0000
0.7200	0.8361	0.2336	0.3652	0.9872	29358.0000	5753.0000	96319.0000	7855770.0000
0.7300	0.8441	0.2205	0.3496	0.9871	27708.0000	5118.0000	97969.0000	7856405.0000
0.7400	0.8501	0.2121	0.3395	0.9870	26657.0000	4700.0000	99020.0000	7856823.0000
0.7500	0.8562	0.1991	0.3231	0.9869	25026.0000	4202.0000	100651.0000	7857321.0000
0.7600	0.8614	0.1904	0.3118	0.9868	23926.0000	3849.0000	101751.0000	7857674.0000
0.7700	0.8679	0.1774	0.2945	0.9866	22289.0000	3392.0000	103388.0000	7858131.0000
0.7800	0.8733	0.1689	0.2831	0.9865	21231.0000	3080.0000	104446.0000	7858443.0000
0.7900	0.8829	0.1556	0.2646	0.9864	19560.0000	2595.0000	106117.0000	7858928.0000
0.8000	0.8914	0.1425	0.2457	0.9862	17906.0000	2181.0000	107771.0000	7859342.0000
0.8100	0.8954	0.1340	0.2330	0.9861	16835.0000	1967.0000	108842.0000	7859556.0000
0.8200	0.9039	0.1214	0.2140	0.9860	15252.0000	1621.0000	110425.0000	7859902.0000
0.8300	0.9098	0.1129	0.2008	0.9859	14186.0000	1407.0000	111491.0000	7860116.0000
0.8400	0.9158	0.0997	0.1797	0.9857	12524.0000	1152.0000	113153.0000	7860371.0000
0.8500	0.9221	0.0913	0.1662	0.9856	11476.0000	970.0000	114201.0000	7860553.0000
0.8600	0.9290	0.0789	0.1455	0.9854	9920.0000	758.0000	115757.0000	7860765.0000
0.8700	0.9333	0.0713	0.1325	0.9853	8963.0000	641.0000	116714.0000	7860882.0000
0.8800	0.9423	0.0603	0.1133	0.9852	7578.0000	464.0000	118099.0000	7861059.0000
0.8900	0.9470	0.0529	0.1002	0.9851	6649.0000	372.0000	119028.0000	7861151.0000
0.9000	0.9520	0.0424	0.0812	0.9849	5333.0000	269.0000	120344.0000	7861254.0000
0.9100	0.9625	0.0329	0.0636	0.9848	4132.0000	161.0000	121545.0000	7861362.0000
0.9200	0.9670	0.0273	0.0531	0.9847	3429.0000	117.0000	122248.0000	7861406.0000
0.9300	0.9775	0.0193	0.0379	0.9846	2429.0000	56.0000	123248.0000	7861467.0000
0.9400	0.9852	0.0148	0.0292	0.9845	1863.0000	28.0000	123814.0000	7861495.0000
0.9500	0.9910	0.0087	0.0173	0.9844	1095.0000	10.0000	124582.0000	7861513.0000
0.9600	0.9929	0.0056	0.0111	0.9844	704.0000	5.0000	124973.0000	7861518.0000
0.9700	0.9964	0.0022	0.0044	0.9843	277.0000	1.0000	125400.0000	7861522.0000
0.9800	1.0000	0.0005	0.0010	0.9843	66.0000	0.0000	125611.0000	7861523.0000
0.9900	1.0000	0.0000	0.0000	0.9843	0.0000	0.0000	125677.0000	7861523.0000
