0.0000	0.0771	0.9788	0.1429	0.7546	326713.0000	3912296.0000	7090.0000	11728301.0000
0.0100	0.1477	0.9493	0.2556	0.8845	316889.0000	1828898.0000	16914.0000	13811699.0000
0.0200	0.2068	0.9254	0.3380	0.9243	308901.0000	1185018.0000	24902.0000	14455579.0000
0.0300	0.2343	0.9135	0.3730	0.9358	304929.0000	996455.0000	28874.0000	14644142.0000
0.0400	0.2668	0.8974	0.4113	0.9463	299547.0000	823205.0000	34256.0000	14817392.0000
0.0500	0.2848	0.8881	0.4313	0.9511	296437.0000	744529.0000	37366.0000	14896068.0000
0.0600	0.3082	0.8748	0.4558	0.9564	292021.0000	655490.0000	41782.0000	14985107.0000
0.0700	0.3221	0.8669	0.4697	0.9591	289365.0000	608955.0000	44438.0000	15031642.0000
0.0800	0.3411	0.8550	0.4877	0.9625	285413.0000	551278.0000	48390.0000	15089319.0000
0.0900	0.3525	0.8474	0.4979	0.9643	282866.0000	519492.0000	50937.0000	15121105.0000
0.1000	0.3687	0.8365	0.5119	0.9667	279225.0000	478013.0000	54578.0000	15162584.0000
0.1100	0.3836	0.8258	0.5238	0.9686	275656.0000	442999.0000	58147.0000	15197598.0000
0.1200	0.3929	0.8189	0.5310	0.9698	273338.0000	422365.0000	60465.0000	15218232.0000
0.1300	0.4062	0.8087	0.5407	0.9713	269932.0000	394644.0000	63871.0000	15245953.0000
0.1400	0.4146	0.8019	0.5466	0.9722	267673.0000	377987.0000	66130.0000	15262610.0000
0.1500	0.4268	0.7918	0.5547	0.9734	264296.0000	354915.0000	69507.0000	15285682.0000
0.1600	0.4347	0.7853	0.5596	0.9742	262141.0000	340913.0000	71662.0000	15299684.0000
0.1700	0.4460	0.7754	0.5663	0.9752	258827.0000	321455.0000	74976.0000	15319142.0000
0.1800	0.4535	0.7690	0.5705	0.9758	256685.0000	309345.0000	77118.0000	15331252.0000
0.1900	0.4641	0.7596	0.5761	0.9766	253561.0000	292831.0000	80242.0000	15347766.0000
0.2000	0.4744	0.7502	0.5812	0.9774	250430.0000	277506.0000	83373.0000	15363091.0000
0.2100	0.4810	0.7439	0.5842	0.9779	248314.0000	267953.0000	85489.0000	15372644.0000
0.2200	0.4908	0.7345	0.5884	0.9785	245164.0000	254310.0000	88639.0000	15386287.0000
0.2300	0.4974	0.7283	0.5911	0.9789	243099.0000	245660.0000	90704.0000	15394937.0000
0.2400	0.5068	0.7189	0.5945	0.9795	239960.0000	233503.0000	93843.0000	15407094.0000
0.2500	0.5130	0.7127	0.5966	0.9799	237890.0000	225806.0000	95913.0000	15414791.0000
0.2600	0.5220	0.7033	0.5992	0.9803	234751.0000	215002.0000	99052.0000	15425595.0000
0.2700	0.5278	0.6971	0.6007	0.9806	232683.0000	208177.0000	101120.0000	15432420.0000
0.2800	0.5367	0.6878	0.6029	0.9811	229585.0000	198181.0000	104218.0000	15442416.0000
0.2900	0.5424	0.6814	0.6040	0.9813	227446.0000	191859.0000	106357.0000	15448738.0000
0.3000	0.5511	0.6721	0.6056	0.9817	224341.0000	182761.0000	109462.0000	15457836.0000
0.3100	0.5599	0.6628	0.6070	0.9821	221236.0000	173923.0000	112567.0000	15466674.0000
0.3200	0.5654	0.6564	0.6075	0.9823	219109.0000	168407.0000	114694.0000	15472190.0000
0.3300	0.5738	0.6469	0.6082	0.9826	215927.0000	160352.0000	117876.0000	15480245.0000
0.3400	0.5793	0.6406	0.6084	0.9828	213844.0000	155316.0000	119959.0000	15485281.0000
0.3500	0.5873	0.6314	0.6085	0.9830	210756.0000	148127.0000	123047.0000	15492470.0000
0.3600	0.5926	0.6248	0.6083	0.9832	208567.0000	143377.0000	125236.0000	15497220.0000
0.3700	0.6008	0.6155	0.6080	0.9834	205444.0000	136501.0000	128359.0000	15504096.0000
0.3800	0.6062	0.6090	0.6076	0.9836	203278.0000	132058.0000	130525.0000	15508539.0000
0.3900	0.6142	0.5995	0.6067	0.9838	200114.0000	125712.0000	133689.0000	15514885.0000
0.4000	0.6223	0.5898	0.6057	0.9839	196892.0000	119485.0000	136911.0000	15521112.0000
0.4100	0.6277	0.5835	0.6048	0.9841	194776.0000	115549.0000	139027.0000	15525048.0000
0.4200	0.6355	0.5736	0.6030	0.9842	191453.0000	109788.0000	142350.0000	15530809.0000
0.4300	0.6405	0.5666	0.6013	0.9843	189149.0000	106181.0000	144654.0000	15534416.0000
0.4400	0.6487	0.5566	0.5991	0.9844	185802.0000	100633.0000	148001.0000	15539964.0000
0.4500	0.6539	0.5499	0.5974	0.9845	183574.0000	97174.0000	150229.0000	15543423.0000
0.4600	0.6615	0.5395	0.5943	0.9846	180071.0000	92154.0000	153732.0000	15548443.0000
0.4700	0.6665	0.5328	0.5922	0.9847	177843.0000	88980.0000	155960.0000	15551617.0000
0.4800	0.6743	0.5223	0.5887	0.9847	174353.0000	84213.0000	159450.0000	15556384.0000
0.4900	0.6796	0.5152	0.5861	0.9848	171987.0000	81097.0000	161816.0000	15559500.0000
0.5000	0.6869	0.5045	0.5817	0.9848	168402.0000	76758.0000	165401.0000	15563839.0000
0.5100	0.6946	0.4938	0.5772	0.9849	164839.0000	72478.0000	168964.0000	15568119.0000
0.5200	0.6995	0.4863	0.5737	0.9849	162313.0000	69735.0000	171490.0000	15570862.0000
0.5300	0.7067	0.4754	0.5685	0.9849	158700.0000	65853.0000	175103.0000	15574744.0000
0.5400	0.7118	0.4680	0.5647	0.9849	156217.0000	63249.0000	177586.0000	15577348.0000
0.5500	0.7186	0.4567	0.5585	0.9849	152455.0000	59693.0000	181348.0000	15580904.0000
0.5600	0.7236	0.4492	0.5543	0.9849	149937.0000	57274.0000	183866.0000	15583323.0000
0.5700	0.7310	0.4375	0.5474	0.9849	146038.0000	53732.0000	187765.0000	15586865.0000
0.5800	0.7359	0.4295	0.5425	0.9849	143382.0000	51449.0000	190421.0000	15589148.0000
0.5900	0.7433	0.4178	0.5349	0.9848	139469.0000	48157.0000	194334.0000	15592440.0000
0.6000	0.7507	0.4061	0.5271	0.9848	135563.0000	45014.0000	198240.0000	15595583.0000
0.6100	0.7555	0.3981	0.5215	0.9847	132902.0000	43001.0000	200901.0000	15597596.0000
0.6200	0.7627	0.3860	0.5126	0.9847	128849.0000	40080.0000	204954.0000	15600517.0000
0.6300	0.7677	0.3780	0.5066	0.9846	126189.0000	38176.0000	207614.0000	15602421.0000
0.6400	0.7746	0.3656	0.4967	0.9845	122037.0000	35504.0000	211766.0000	15605093.0000
0.6500	0.7797	0.3571	0.4899	0.9845	119202.0000	33679.0000	214601.0000	15606918.0000
0.6600	0.7866	0.3446	0.4792	0.9844	115014.0000	31202.0000	218789.0000	15609395.0000
0.6700	0.7917	0.3361	0.4719	0.9843	112198.0000	29524.0000	221605.0000	15611073.0000
0.6800	0.7993	0.3236	0.4607	0.9842	108028.0000	27122.0000	225775.0000	15613475.0000
0.6900	0.8043	0.3150	0.4527	0.9841	105154.0000	25584.0000	228649.0000	15615013.0000
0.7000	0.8108	0.3015	0.4396	0.9839	100657.0000	23485.0000	233146.0000	15617112.0000
0.7100	0.8175	0.2879	0.4258	0.9838	96102.0000	21448.0000	237701.0000	15619149.0000
0.7200	0.8223	0.2787	0.4164	0.9837	93045.0000	20103.0000	240758.0000	15620494.0000
0.7300	0.8292	0.2652	0.4019	0.9835	88526.0000	18235.0000	245277.0000	15622362.0000
0.7400	0.8336	0.2556	0.3913	0.9834	85330.0000	17032.0000	248473.0000	15623565.0000
0.7500	0.8409	0.2418	0.3757	0.9832	80730.0000	15269.0000	253073.0000	15625328.0000
0.7600	0.8461	0.2325	0.3648	0.9831	77608.0000	14114.0000	256195.0000	15626483.0000
0.7700	0.8538	0.2184	0.3478	0.9829	72905.0000	12484.0000	260898.0000	15628113.0000
0.7800	0.8583	0.2086	0.3356	0.9827	69623.0000	11494.0000	264180.0000	15629103.0000
0.7900	0.8650	0.1940	0.3169	0.9825	64755.0000	10107.0000	269048.0000	15630490.0000
0.8000	0.8723	0.1795	0.2977	0.9823	59919.0000	8774.0000	273884.0000	15631823.0000
0.8100	0.8775	0.1699	0.2847	0.9822	56728.0000	7922.0000	277075.0000	15632675.0000
0.8200	0.8842	0.1549	0.2637	0.9819	51714.0000	6774.0000	282089.0000	15633823.0000
0.8300	0.8892	0.1450	0.2494	0.9818	48413.0000	6030.0000	285390.0000	15634567.0000
0.8400	0.8955	0.1301	0.2273	0.9815	43441.0000	5072.0000	290362.0000	15635525.0000
0.8500	0.9005	0.1201	0.2120	0.9813	40095.0000	4428.0000	293708.0000	15636169.0000
0.8600	0.9077	0.1049	0.1881	0.9811	35029.0000	3560.0000	298774.0000	15637037.0000
0.8700	0.9119	0.0949	0.1719	0.9809	31681.0000	3059.0000	302122.0000	15637538.0000
0.8800	0.9192	0.0803	0.1476	0.9806	26790.0000	2356.0000	307013.0000	15638241.0000
0.8900	0.9241	0.0705	0.1311	0.9805	23546.0000	1935.0000	310257.0000	15638662.0000
0.9000	0.9326	0.0562	0.1060	0.9802	18758.0000	1355.0000	315045.0000	15639242.0000
0.9100	0.9395	0.0422	0.0808	0.9799	14095.0000	907.0000	319708.0000	15639690.0000
0.9200	0.9434	0.0335	0.0646	0.9798	11167.0000	670.0000	322636.0000	15639927.0000
0.9300	0.9485	0.0215	0.0421	0.9795	7178.0000	390.0000	326625.0000	15640207.0000
0.9400	0.9520	0.0147	0.0290	0.9794	4920.0000	248.0000	328883.0000	15640349.0000
0.9500	0.9584	0.0069	0.0137	0.9792	2304.0000	100.0000	331499.0000	15640497.0000
0.9600	0.9674	0.0037	0.0074	0.9792	1245.0000	42.0000	332558.0000	15640555.0000
0.9700	0.9930	0.0013	0.0025	0.9791	426.0000	3.0000	333377.0000	15640594.0000
0.9800	1.0000	0.0006	0.0013	0.9791	213.0000	0.0000	333590.0000	15640597.0000
0.9900	1.0000	0.0001	0.0002	0.9791	31.0000	0.0000	333772.0000	15640597.0000
